60
011100000000100000000000000000000000000100000000000000000000
101010000000010000000000000000000000000010000000000000000000
110001000000001000000000000000000000000001000000000000000000
100011100000000000000000000000000100000000000000000000000000
010101010000000000000000000000000010000000000000000000000000
001110001000000000000000000000000001000000000000000000000000
000100011100000000000000000100000000000000000000000000000000
000010101010000000000000000010000000000000000000000000000000
000001110001000000000000000001000000000000000000000000000000
000000100011100000000100000000000000000000000000000000000000
000000010101010000000010000000000000000000000000000000000000
000000001110001000000001000000000000000000000000000000000000
100000000100011100000000000000000000000000000000000000000000
010000000010101010000000000000000000000000000000000000000000
001000000001110001000000000000000000000000000000000000000000
000000000000100011100000000000000000000000100000000000000000
000000000000010101010000000000000000000000010000000000000000
000000000000001110001000000000000000000000001000000000000000
000000000000000100011100000000000000000000000000100000000000
000000000000000010101010000000000000000000000000010000000000
000000000000000001110001000000000000000000000000001000000000
000000000100000000100011100000000000000000000000000000000000
000000000010000000010101010000000000000000000000000000000000
000000000001000000001110001000000000000000000000000000000000
000000000000000000000100011100000000000000000000000100000000
000000000000000000000010101010000000000000000000000010000000
000000000000000000000001110001000000000000000000000001000000
000000100000000000000000100011100000000000000000000000000000
000000010000000000000000010101010000000000000000000000000000
000000001000000000000000001110001000000000000000000000000000
000000000000000000000000000100011100000000000000000000100000
000000000000000000000000000010101010000000000000000000010000
000000000000000000000000000001110001000000000000000000001000
000100000000000000000000000000100011100000000000000000000000
000010000000000000000000000000010101010000000000000000000000
000001000000000000000000000000001110001000000000000000000000
000000000000000000000000000000000100011100000000000000000100
000000000000000000000000000000000010101010000000000000000010
000000000000000000000000000000000001110001000000000000000001
100000000000000000000000000000000000100011100000000000000000
010000000000000000000000000000000000010101010000000000000000
001000000000000000000000000000000000001110001000000000000000
000000000000000100000000000000000000000100011100000000000000
000000000000000010000000000000000000000010101010000000000000
000000000000000001000000000000000000000001110001000000000000
000000000000000000000000000000000000000000100011100000000100
000000000000000000000000000000000000000000010101010000000010
000000000000000000000000000000000000000000001110001000000001
000000000000000000100000000000000000000000000100011100000000
000000000000000000010000000000000000000000000010101010000000
000000000000000000001000000000000000000000000001110001000000
000000000000000000000000100000000000000000000000100011100000
000000000000000000000000010000000000000000000000010101010000
000000000000000000000000001000000000000000000000001110001000
000000000000000000000000000000100000000000000000000100011100
000000000000000000000000000000010000000000000000000010101010
000000000000000000000000000000001000000000000000000001110001
000000000000000000000000000000000000100000000100000000100011
000000000000000000000000000000000000010000000010000000010101
000000000000000000000000000000000000001000000001000000001110