34
0011010000000000000000000000000000
0001100000000100000000000000000000
1000100000000010000000000000000000
1100000000000001000000000000000000
0110000000000000100000000000000000
1000000110000000000000000000000000
0000000011001000000000000000000000
0000010001010000000000000000000000
0000011000100000000000000000000000
0000001100000000000000010000000000
0000000010010000000000010000000000
0000000100101000000000000000000000
0000001000010100000000000000000000
0100000000001010000000000000000000
0010000000000101000000000000000000
0001000000000010100000000000000000
0000100000000001010000000100000000
0000000000000000101000000010000000
0000000000000000010100000001000000
0000000000000000001010000000100000
0000000000000000000101000000000001
0000000000000000000010100000000010
0000000000000000000001010000000100
0000000001100000000000100000001000
0000000000000000000000000011010000
0000000000000000100000000001100000
0000000000000000010000001000100000
0000000000000000001000001100000000
0000000000000000000100000110000000
0000000000000000000000001000000110
0000000000000000000000010000000011
0000000000000000000000100000010001
0000000000000000000001000000011000
0000000000000000000010000000001100